Model: Vann
Version: 6466f24
Period: 2003-08-31 to 2014-12-31
Time of file generation: 2016-11-02 18:29:10
Description: TinBasic and Hbv, calibrated using KGE, no potential evapotranspiration
Model input: SeNorge 2.0
Path to model results: C:\Users\jmg\Dropbox\Work\VannData\201611021230_Results



Station	KGE	NSE	NSE_bench	Intercept	Slope	r2	Bias	Pbias
103.1	0.87	0.73	0.41	0.36	0.9	0.76	0.06	1.9
103.40	0.9	0.81	0.58	0.28	0.92	0.82	0.06	2.3
104.23	0.82	0.63	0.55	0.91	0.83	0.67	0.06	1.2
105.1	0.73	0.51	0.46	1.54	0.69	0.55	0.18	4.1
107.3	0.88	0.8	0.76	0.69	0.85	0.8	0.09	2.2
109.29	0.89	0.79	0.57	0.33	0.91	0.8	0.04	1.1
109.42	0.84	0.67	0.35	0.34	0.88	0.71	0.03	1.4
109.9	0.88	0.77	0.54	0.24	0.91	0.79	0.06	3.2
112.8	0.81	0.63	0.46	0.81	0.81	0.66	0.02	0.4
12.171	0.82	0.66	0.49	0.38	0.82	0.69	0.08	5.2
12.178	0.83	0.7	0.61	0.46	0.8	0.71	0.03	1.5
12.192	0.76	0.59	0.54	0.6	0.71	0.6	-0.03	-1.3
12.193	0.73	0.47	0.41	0.46	0.7	0.53	0.03	2
12.209	0.89	0.79	0.69	0.27	0.89	0.8	0.05	2.7
12.215	0.91	0.82	0.67	0.25	0.9	0.82	-0.03	-1.1
12.290	0.61	0.2	0.1	0.72	0.63	0.38	0.04	2
12.70	0.84	0.73	0.53	0.34	0.8	0.73	0.02	1.5
12.97	0.78	0.58	0.52	0.65	0.77	0.62	0.12	5.4
121.20	0.76	0.56	0.41	0.66	0.73	0.59	0.05	2.1
122.11	0.84	0.7	0.41	0.48	0.8	0.71	0	0
122.9	0.86	0.75	0.53	0.38	0.83	0.76	-0.01	-0.4
123.31	0.79	0.61	0.47	1.02	0.75	0.63	0.01	0.3
124.2	0.8	0.61	0.48	0.78	0.78	0.64	0	0
127.11	0.79	0.65	0.43	0.88	0.73	0.66	-0.03	-0.9
127.13	0.8	0.63	0.56	0.68	0.77	0.65	-0.04	-1.4
133.7	0.81	0.66	0.63	1.2	0.76	0.67	-0.02	-0.3
138.1	0.77	0.61	0.58	1.19	0.72	0.63	0.05	1.1
139.15	0.77	0.56	0.44	0.43	0.75	0.6	-0.08	-4
139.35	0.85	0.71	0.51	0.5	0.88	0.74	0.11	3.4
148.2	0.87	0.77	0.75	0.81	0.84	0.78	0.02	0.4
15.21	0.81	0.61	0.55	0.47	0.82	0.65	0.07	2.9
15.49	0.77	0.6	0.33	0.46	0.72	0.61	0.05	3.4
15.53	0.79	0.62	0.48	0.42	0.74	0.64	0.01	0.5
15.79	0.89	0.79	0.5	0.29	0.87	0.8	0.01	0.3
151.15	0.89	0.78	0.56	0.38	0.89	0.79	-0.04	-1.1
152.4	0.86	0.75	0.65	0.89	0.82	0.75	-0.06	-1.1
156.10	0.81	0.66	0.3	1.97	0.77	0.68	-0.03	-0.4
157.3	0.83	0.66	0.61	1.87	0.83	0.68	0.13	1.3
16.122	0.82	0.65	0.54	0.51	0.81	0.68	0.05	2.1
16.132	0.87	0.73	0.59	0.4	0.89	0.75	0.04	1.4
16.66	0.83	0.7	0.57	0.34	0.79	0.71	0	0.1
16.75	0.85	0.73	0.57	0.4	0.81	0.74	-0.01	-0.6
161.7	0.8	0.63	0.25	0.98	0.77	0.65	0.15	4.1
162.3	0.73	0.51	0.13	1.01	0.69	0.55	0.12	4.3
163.5	0.79	0.62	0.24	0.82	0.75	0.64	0.02	0.5
165.6	0.74	0.54	0.52	1.54	0.68	0.57	0.07	1.4
168.2	0.82	0.67	0.57	1.06	0.78	0.68	-0.03	-0.6
173.8	0.85	0.74	0.21	0.69	0.84	0.75	0.17	5.3
174.3	0.73	0.49	0.24	1.16	0.71	0.54	0.12	3.5
177.4	0.8	0.62	0.56	1.43	0.78	0.65	-0.37	-4.5
18.10	0.83	0.67	0.65	0.48	0.83	0.7	0.04	1.8
19.107	0.78	0.6	0.55	0.81	0.74	0.62	0	-0.2
191.2	0.85	0.72	0.43	0.68	0.82	0.73	0.02	0.5
196.35	0.83	0.67	0.25	0.35	0.87	0.7	0.05	2.1
2.11	0.87	0.75	0.5	0.26	0.87	0.76	0.02	1
2.142	0.74	0.5	0.35	0.41	0.71	0.55	0	-0.1
2.145	0.87	0.74	0.47	0.26	0.88	0.76	0.03	1.3
2.268	0.91	0.82	0.57	0.25	0.94	0.84	0.07	2.3
2.279	0.8	0.58	0.49	0.33	0.82	0.64	0	-0.2
2.28	0.86	0.74	0.59	0.3	0.88	0.76	0.08	4.6
2.291	0.85	0.76	0.37	0.64	0.93	0.79	0.37	9.3
2.32	0.87	0.74	0.49	0.19	0.92	0.77	0.03	1.7
2.323	0.72	0.49	0.39	0.66	0.69	0.54	-0.01	-0.6
2.463	0.86	0.76	0.65	0.32	0.82	0.77	-0.02	-0.9
2.604	0.81	0.61	0.31	0.23	0.85	0.67	0.01	0.5
2.614	0.91	0.82	0.62	0.19	0.91	0.83	0.04	2.7
2.633	0.77	0.59	0.54	0.53	0.73	0.61	0.05	2.8
20.2	0.86	0.72	0.65	0.5	0.85	0.74	-0.03	-0.8
200.4	0.82	0.67	0.54	0.91	0.8	0.69	-0.08	-1.6
203.2	0.83	0.69	0.32	0.91	0.79	0.7	0.03	0.7
206.3	0.75	0.53	0.02	0.72	0.72	0.57	0.02	0.7
208.3	0.75	0.57	0.28	0.49	0.74	0.61	0.14	10.4
21.47	0.8	0.6	0.39	0.69	0.81	0.64	0.04	1.2
212.10	0.86	0.75	0.56	0.19	0.84	0.76	0.01	0.5
212.49	0.82	0.67	0.3	0.51	0.78	0.69	0.04	1.6
22.16	0.87	0.76	0.74	0.58	0.85	0.77	0.02	0.4
22.22	0.86	0.72	0.69	0.62	0.84	0.74	0.02	0.4
22.4	0.9	0.81	0.78	0.38	0.92	0.82	0.02	0.5
223.2	0.79	0.65	0.38	0.41	0.74	0.66	-0.02	-1.5
230.1	0.84	0.69	0.53	0.52	0.83	0.71	0.05	1.7
234.13	0.81	0.66	0.43	0.33	0.76	0.67	0.02	1.5
234.18	0.85	0.72	0.48	0.15	0.84	0.73	-0.01	-1.3
24.8	0.88	0.77	0.74	0.8	0.86	0.78	0.04	0.8
24.9	0.9	0.81	0.78	0.66	0.88	0.81	0.03	0.5
247.3	0.8	0.62	0.29	0.34	0.79	0.65	0.03	2.3
25.24	0.89	0.79	0.59	0.29	0.95	0.81	-0.03	-0.5
26.20	0.91	0.82	0.8	0.74	0.89	0.83	-0.03	-0.4
26.26	0.81	0.62	0.51	1.2	0.82	0.65	0.14	2.5
26.29	0.91	0.83	0.81	0.61	0.89	0.83	-0.11	-1.6
27.16	0.85	0.72	0.7	1.15	0.84	0.73	-0.15	-1.9
27.24	0.91	0.81	0.79	0.72	0.9	0.82	-0.02	-0.3
28.7	0.87	0.76	0.69	0.62	0.84	0.77	-0.15	-3.1
3.22	0.7	0.46	0.4	0.52	0.65	0.5	0.01	0.3
311.460	0.82	0.63	0.31	0.36	0.82	0.67	0.02	1
311.6	0.87	0.73	0.4	0.18	0.89	0.75	0.01	1
313.10	0.68	0.4	0.27	0.45	0.66	0.47	0.02	1.2
41.1	0.9	0.8	0.78	1.2	0.89	0.81	0.16	1.7
42.2	0.82	0.64	0.63	1.74	0.81	0.67	0.07	0.8
46.9	0.7	0.68	0.37	2.45	0.67	0.7	-2.36	-16
48.1	0.92	0.84	0.76	0.72	0.9	0.85	0.02	0.3
48.5	0.91	0.83	0.69	0.69	0.91	0.84	0.02	0.2
50.1	0.9	0.82	0.63	0.51	0.88	0.83	-0.06	-1.2
50.13	0.82	0.64	0.33	0.65	0.8	0.67	-0.02	-0.6
55.4	0.92	0.85	0.84	0.74	0.9	0.85	-0.15	-1.6
55.5	0.83	0.67	0.65	1.88	0.81	0.69	-0.28	-2.4
6.10	0.71	0.45	0.37	0.66	0.69	0.51	0.04	1.8
62.10	0.89	0.79	0.67	0.76	0.88	0.8	0.01	0.1
62.18	0.84	0.69	0.66	1.64	0.84	0.71	0.1	1
62.5	0.9	0.82	0.75	0.6	0.88	0.82	-0.06	-1
72.5	0.88	0.75	0.47	0.57	0.9	0.77	0	0
75.23	0.85	0.71	0.48	0.88	0.83	0.73	0.12	2.8
76.5	0.65	0.8	-0.02	0.91	0.69	0.87	-2.13	-21.8
77.3	0.9	0.79	0.66	0.85	0.89	0.8	0.11	1.6
78.8	0.87	0.83	0.5	1.35	0.83	0.83	-0.44	-4.2
79.3	0.78	0.58	0.49	1.54	0.76	0.61	-0.05	-0.7
8.2	0.78	0.56	0.51	0.42	0.79	0.61	0.03	1.7
8.6	0.72	0.45	0.41	0.54	0.7	0.52	0	-0.2
82.4	0.92	0.86	0.85	0.88	0.91	0.86	0.14	1.7
83.2	0.92	0.85	0.77	0.78	0.9	0.86	0.04	0.5
84.11	0.88	0.76	0.74	1.1	0.86	0.77	-0.09	-1.1
86.12	0.77	0.64	0.48	2.22	0.74	0.66	-1.22	-9.3
87.10	0.9	0.8	0.68	0.89	0.9	0.81	0.17	2.4
88.4	0.89	0.83	0.3	1.03	0.91	0.84	0.44	6.8
91.2	0.92	0.86	0.83	0.65	0.92	0.86	0.15	2.3
97.1	0.87	0.75	0.73	1.15	0.86	0.77	0.09	1.2
98.4	0.88	0.76	0.67	0.9	0.88	0.77	0.18	3
