Model: Vann
Version: 201611061747
Period: 2003-08-31 to 2014-12-31
Time of file generation: 2016-11-25 09:35:17
Description: Gr4j, monthly epot, Gr4j, TinBasic, NSE as obj function
Model input: SeNorge 2.0
Path to model results: C:\Users\jmg\Dropbox\Work\VannData\201611061747_Results



Station	KGE2009	KGE2012	r	Beta	Alpha	Gamma	NSE	NSE_bench	Intercept	Slope	r2	Bias	Pbias
103.1	0.82	0.79	0.86	1.06	1.06	0.86	0.74	0.42	0.85	0.78	0.74	0.17	5.6
103.40	0.88	0.88	0.9	1.01	1.01	0.93	0.81	0.57	0.47	0.84	0.81	0.02	0.5
104.23	0.77	0.77	0.84	1.01	1.01	0.84	0.7	0.64	1.55	0.71	0.7	0.03	0.6
105.1	0.77	0.76	0.83	1.01	1.01	0.83	0.69	0.66	1.35	0.7	0.69	0.03	0.8
107.3	0.88	0.88	0.89	1	1	0.96	0.78	0.74	0.61	0.85	0.79	0	0
109.29	0.88	0.88	0.91	1	1	0.92	0.82	0.64	0.55	0.83	0.82	0	0
109.42	0.89	0.89	0.91	1	1	0.94	0.82	0.66	0.37	0.85	0.83	-0.01	-0.4
109.9	0.85	0.84	0.86	1.02	1.02	0.91	0.74	0.48	0.42	0.8	0.75	0.03	1.7
112.8	0.75	0.76	0.82	0.97	0.97	0.85	0.67	0.52	1.22	0.68	0.67	-0.11	-2.7
12.171	0.86	0.82	0.9	1.07	1.07	0.86	0.82	0.72	0.38	0.84	0.82	0.11	6.9
12.178	0.91	0.91	0.93	0.95	0.95	1.02	0.86	0.82	0.1	0.9	0.87	-0.12	-5.4
12.192	0.74	0.72	0.86	1.02	1.02	0.76	0.74	0.71	0.76	0.67	0.75	0.04	1.9
12.193	0.81	0.83	0.85	0.97	0.97	0.92	0.72	0.69	0.31	0.76	0.72	-0.04	-3
12.209	0.91	0.92	0.93	0.96	0.96	1.01	0.85	0.78	0.14	0.9	0.86	-0.07	-3.6
12.215	0.89	0.89	0.92	1	1	0.93	0.86	0.74	0.41	0.85	0.86	-0.01	-0.3
12.290	0.8	0.8	0.82	1.01	1.01	0.9	0.67	0.62	0.48	0.75	0.68	0.01	0.7
12.70	0.88	0.86	0.93	1.03	1.03	0.89	0.86	0.76	0.29	0.85	0.86	0.04	2.8
12.97	0.55	0.55	0.64	0.99	0.99	0.74	0.39	0.3	1.19	0.46	0.4	-0.03	-1.2
121.20	0.8	0.81	0.83	0.98	0.98	0.92	0.68	0.58	0.53	0.75	0.69	-0.04	-1.8
122.11	0.8	0.76	0.87	1.07	1.07	0.81	0.75	0.51	0.74	0.75	0.76	0.16	6.6
122.9	0.87	0.88	0.89	0.96	0.96	0.97	0.8	0.61	0.3	0.83	0.8	-0.09	-4
123.31	0.72	0.71	0.81	1.02	1.02	0.78	0.65	0.53	1.51	0.64	0.65	0.06	1.6
124.2	0.76	0.79	0.81	0.94	0.94	0.91	0.66	0.53	0.88	0.7	0.66	-0.2	-5.6
127.11	0.8	0.79	0.87	1.01	1.01	0.83	0.76	0.62	0.95	0.73	0.77	0.04	1.3
127.13	0.74	0.74	0.83	1	1	0.81	0.68	0.62	1.03	0.67	0.68	-0.01	-0.2
133.7	0.84	0.87	0.89	0.95	0.95	0.95	0.79	0.78	0.76	0.8	0.79	-0.26	-5
138.1	0.86	0.86	0.9	0.99	0.99	0.91	0.8	0.79	0.76	0.81	0.8	-0.03	-0.8
139.15	0.68	0.72	0.76	0.9	0.9	0.89	0.58	0.46	0.58	0.61	0.58	-0.2	-9.8
139.35	0.83	0.81	0.86	1.02	1.02	0.88	0.74	0.57	0.8	0.77	0.74	0.08	2.4
148.2	0.91	0.9	0.94	1.01	1.01	0.92	0.88	0.87	0.67	0.87	0.88	0.03	0.6
15.21	0.83	0.85	0.87	0.94	0.94	0.98	0.75	0.71	0.31	0.8	0.75	-0.15	-6.5
15.49	0.86	0.86	0.91	1.01	1.01	0.89	0.82	0.71	0.29	0.81	0.82	0.01	0.7
15.53	0.78	0.81	0.86	0.94	0.94	0.88	0.74	0.64	0.36	0.72	0.74	-0.09	-5.5
15.79	0.82	0.82	0.9	1	1	0.85	0.82	0.57	0.51	0.77	0.82	0	0
151.15	0.85	0.86	0.89	0.99	0.99	0.91	0.79	0.58	0.7	0.8	0.79	-0.05	-1.4
152.4	0.82	0.82	0.88	1	1	0.86	0.78	0.7	1.3	0.76	0.78	0.01	0.3
156.10	0.73	0.71	0.84	1.03	1.03	0.77	0.7	0.37	3.21	0.66	0.7	0.25	2.9
157.3	0.79	0.79	0.83	0.99	0.99	0.88	0.69	0.65	2.68	0.72	0.69	-0.1	-1
16.122	0.85	0.86	0.88	0.93	0.93	1.02	0.77	0.7	0.22	0.84	0.78	-0.17	-7
16.132	0.88	0.88	0.88	1	1	0.97	0.78	0.66	0.45	0.86	0.78	0	0
16.66	0.79	0.82	0.85	0.9	0.9	1	0.72	0.6	0.22	0.76	0.73	-0.17	-10.5
16.75	0.87	0.9	0.92	0.94	0.94	0.99	0.84	0.74	0.2	0.85	0.84	-0.13	-6
161.7	0.77	0.76	0.85	1	1	0.82	0.71	0.42	1.09	0.7	0.71	0.01	0.3
162.3	0.75	0.75	0.81	1	1	0.85	0.65	0.38	0.91	0.68	0.65	-0.01	-0.3
163.5	0.75	0.77	0.81	0.95	0.95	0.89	0.65	0.31	0.83	0.68	0.66	-0.17	-5.4
165.6	0.67	0.68	0.78	0.97	0.97	0.77	0.61	0.59	1.79	0.59	0.61	-0.12	-2.6
168.2	0.78	0.79	0.84	0.98	0.98	0.86	0.71	0.63	1.34	0.71	0.71	-0.09	-1.9
173.8	0.86	0.85	0.9	1.02	1.02	0.9	0.8	0.4	0.65	0.82	0.8	0.08	2.4
174.3	0.61	0.59	0.72	1.04	1.04	0.7	0.52	0.28	1.84	0.53	0.52	0.15	4
177.4	0.73	0.74	0.8	0.98	0.98	0.83	0.64	0.58	2.7	0.65	0.64	-0.16	-1.9
18.10	0.89	0.87	0.92	1.02	1.02	0.91	0.84	0.83	0.43	0.85	0.84	0.06	2.3
19.107	0.84	0.83	0.91	1.02	1.02	0.85	0.82	0.8	0.7	0.79	0.83	0.05	1.8
191.2	0.81	0.8	0.86	1.02	1.02	0.87	0.73	0.46	0.96	0.75	0.74	0.06	1.6
196.35	0.82	0.82	0.84	1	1	0.91	0.71	0.35	0.53	0.77	0.71	0.01	0.4
2.11	0.86	0.87	0.89	0.93	0.93	1.03	0.79	0.59	0.14	0.85	0.8	-0.14	-7.3
2.142	0.71	0.75	0.77	0.92	0.92	0.92	0.59	0.46	0.37	0.65	0.6	-0.11	-8
2.145	0.93	0.93	0.95	1	1	0.96	0.9	0.79	0.19	0.91	0.9	0.01	0.3
2.268	0.86	0.84	0.89	1.04	1.04	0.89	0.8	0.51	0.63	0.83	0.8	0.13	4.4
2.279	0.81	0.83	0.86	0.96	0.96	0.92	0.73	0.67	0.37	0.75	0.73	-0.07	-3.9
2.28	0.89	0.89	0.9	0.98	0.98	0.97	0.81	0.7	0.22	0.85	0.81	-0.04	-2.3
2.291	0.83	0.78	0.88	1.09	1.09	0.84	0.78	0.41	1.13	0.81	0.78	0.37	9.2
2.32	0.93	0.92	0.95	1.02	1.02	0.94	0.89	0.79	0.22	0.91	0.89	0.04	1.9
2.323	0.64	0.63	0.76	1.03	1.03	0.71	0.58	0.5	1	0.56	0.58	0.07	3.1
2.463	0.83	0.86	0.9	0.96	0.96	0.9	0.82	0.73	0.33	0.78	0.82	-0.06	-3.5
2.604	0.9	0.9	0.91	0.98	0.98	1	0.82	0.67	0.15	0.88	0.82	-0.03	-2
2.614	0.91	0.89	0.92	1.03	1.03	0.93	0.85	0.68	0.22	0.88	0.85	0.04	2.8
2.633	0.81	0.77	0.9	1.07	1.07	0.8	0.8	0.78	0.53	0.77	0.81	0.13	7.1
20.2	0.85	0.88	0.89	0.96	0.96	0.95	0.8	0.74	0.49	0.81	0.8	-0.15	-4.3
200.4	0.8	0.82	0.84	0.96	0.96	0.93	0.7	0.58	1.07	0.74	0.7	-0.21	-4.3
203.2	0.71	0.72	0.81	0.99	0.99	0.79	0.65	0.26	1.51	0.64	0.66	-0.03	-0.8
206.3	0.61	0.62	0.71	0.98	0.98	0.76	0.5	-0.04	1.15	0.53	0.5	-0.04	-1.6
208.3	0.74	0.72	0.83	1.03	1.03	0.78	0.69	0.47	0.48	0.66	0.69	0.04	2.9
21.47	0.71	0.71	0.78	1	1	0.81	0.61	0.41	1.27	0.63	0.61	0.01	0.4
212.10	0.8	0.77	0.89	1.04	1.04	0.8	0.79	0.63	0.33	0.74	0.79	0.05	4.5
212.49	0.79	0.79	0.85	1.01	1.01	0.84	0.73	0.42	0.62	0.73	0.73	0.03	1.2
22.16	0.91	0.92	0.93	0.96	0.96	0.99	0.85	0.84	0.32	0.88	0.86	-0.13	-3.5
22.22	0.89	0.87	0.95	1.04	1.04	0.88	0.89	0.88	0.63	0.87	0.9	0.14	3.7
22.4	0.91	0.9	0.92	1.01	1.01	0.94	0.85	0.83	0.57	0.87	0.85	0.03	0.6
223.2	0.73	0.74	0.84	0.98	0.98	0.8	0.7	0.47	0.54	0.66	0.7	-0.03	-1.6
230.1	0.83	0.85	0.87	0.94	0.94	0.97	0.75	0.61	0.42	0.79	0.75	-0.16	-5.7
234.13	0.7	0.71	0.82	0.98	0.98	0.77	0.67	0.45	0.48	0.62	0.68	-0.03	-2.1
234.18	0.78	0.8	0.86	0.86	0.86	1.04	0.73	0.5	0.09	0.77	0.74	-0.14	-13.9
24.8	0.93	0.92	0.95	1.02	1.02	0.94	0.91	0.9	0.58	0.91	0.91	0.12	2.2
24.9	0.93	0.93	0.94	0.99	0.99	0.98	0.88	0.86	0.45	0.9	0.88	-0.08	-1.5
247.3	0.79	0.78	0.85	1.02	1.02	0.84	0.71	0.47	0.44	0.73	0.72	0.04	2.5
25.24	0.86	0.88	0.9	0.96	0.96	0.94	0.81	0.62	0.9	0.82	0.81	-0.24	-3.9
26.20	0.89	0.89	0.93	1	1	0.91	0.86	0.84	1.09	0.84	0.86	0	0
26.26	0.72	0.73	0.82	0.99	0.99	0.8	0.66	0.57	1.97	0.65	0.66	-0.03	-0.5
26.29	0.91	0.93	0.94	0.97	0.97	0.98	0.88	0.87	0.51	0.89	0.88	-0.2	-3
27.16	0.79	0.8	0.86	0.99	0.99	0.85	0.74	0.72	2.11	0.73	0.74	-0.09	-1.1
27.24	0.88	0.89	0.92	0.99	0.99	0.93	0.84	0.82	1.07	0.84	0.84	-0.11	-1.5
28.7	0.87	0.88	0.92	0.99	0.99	0.91	0.85	0.81	0.77	0.83	0.85	-0.06	-1.2
3.22	0.75	0.73	0.85	1.02	1.02	0.78	0.71	0.68	0.5	0.68	0.72	0.03	2
311.460	0.81	0.8	0.84	0.9	0.9	1.07	0.68	0.41	0.16	0.81	0.71	-0.2	-10.4
311.6	0.88	0.86	0.9	0.93	0.93	1.08	0.8	0.55	0.04	0.9	0.81	-0.1	-7
313.10	0.73	0.71	0.83	1.04	1.04	0.76	0.69	0.62	0.49	0.66	0.69	0.06	4.4
41.1	0.89	0.87	0.91	1.02	1.02	0.92	0.82	0.8	1.57	0.85	0.82	0.19	2.1
42.2	0.74	0.74	0.82	1.01	1.01	0.81	0.68	0.66	2.96	0.67	0.68	0.05	0.5
46.9	0.8	0.77	0.86	1.04	1.04	0.82	0.75	0.5	4.43	0.74	0.75	0.56	3.8
48.1	0.88	0.88	0.93	1	1	0.9	0.86	0.79	1.19	0.84	0.86	0.01	0.2
48.5	0.9	0.91	0.92	0.98	0.98	0.96	0.85	0.71	0.81	0.87	0.85	-0.14	-2
50.1	0.86	0.86	0.92	1	1	0.89	0.84	0.66	0.88	0.82	0.84	0.01	0.2
50.13	0.7	0.73	0.8	0.95	0.95	0.82	0.64	0.33	1.12	0.62	0.64	-0.16	-4.6
55.4	0.89	0.9	0.93	0.99	0.99	0.93	0.87	0.86	1.23	0.85	0.87	-0.11	-1.2
55.5	0.74	0.76	0.83	0.98	0.98	0.83	0.69	0.67	3.55	0.67	0.69	-0.28	-2.4
6.10	0.75	0.73	0.84	1.04	1.04	0.78	0.71	0.67	0.71	0.68	0.71	0.08	4
62.10	0.87	0.85	0.91	1.03	1.03	0.88	0.82	0.71	1.31	0.83	0.82	0.2	3.1
62.18	0.78	0.77	0.85	1.01	1.01	0.83	0.72	0.69	2.93	0.71	0.72	0.13	1.4
62.5	0.91	0.91	0.93	1	1	0.94	0.87	0.82	0.71	0.87	0.87	0	0
72.5	0.85	0.85	0.89	1.01	1.01	0.89	0.79	0.56	1.18	0.8	0.79	0.07	1.2
75.23	0.83	0.82	0.88	1.02	1.02	0.87	0.77	0.59	1.06	0.77	0.77	0.07	1.6
76.5	0.86	0.81	0.94	1.07	1.07	0.83	0.89	0.4	2.27	0.84	0.89	0.71	7.3
77.3	0.89	0.89	0.92	1.01	1.01	0.92	0.85	0.75	1.08	0.86	0.85	0.09	1.3
78.8	0.84	0.8	0.91	1.06	1.06	0.84	0.83	0.51	2.62	0.81	0.83	0.63	6
79.3	0.71	0.7	0.79	1.01	1.01	0.79	0.63	0.55	2.51	0.63	0.63	0.06	0.9
8.2	0.81	0.8	0.86	1.02	1.02	0.86	0.73	0.7	0.49	0.76	0.73	0.04	2.2
8.6	0.7	0.69	0.8	1.02	1.02	0.77	0.63	0.61	0.71	0.63	0.63	0.03	1.7
82.4	0.94	0.94	0.95	0.98	0.98	0.99	0.89	0.89	0.47	0.92	0.9	-0.17	-2.2
83.2	0.91	0.9	0.93	1.02	1.02	0.93	0.87	0.8	1.02	0.88	0.87	0.12	1.6
84.11	0.82	0.83	0.88	0.99	0.99	0.88	0.77	0.76	1.97	0.76	0.77	-0.13	-1.4
86.12	0.75	0.74	0.82	1.02	1.02	0.81	0.68	0.53	4.5	0.68	0.68	0.24	1.8
87.10	0.85	0.83	0.9	1.03	1.03	0.87	0.81	0.7	1.6	0.8	0.81	0.19	2.7
88.4	0.89	0.86	0.93	1.07	1.07	0.9	0.86	0.44	1.15	0.89	0.87	0.44	6.8
91.2	0.92	0.92	0.94	1	1	0.95	0.88	0.86	0.69	0.89	0.88	-0.03	-0.5
97.1	0.8	0.8	0.87	1	1	0.85	0.75	0.73	2.02	0.74	0.76	0.01	0.1
98.4	0.82	0.81	0.87	1.02	1.02	0.86	0.75	0.66	1.5	0.76	0.75	0.09	1.6
