Model: Vann
Version: 201611062143
Period: 2003-08-31 to 2014-12-31
Time of file generation: 2016-11-25 09:48:21
Description: Gr4j, monthly epot, TinBasic, KGE as obj func
Model input: SeNorge
Path to model results: C:\Users\jmg\Dropbox\Work\VannData\201611062143_Results



Station	KGE2009	KGE2012	r	Beta	Alpha	Gamma	NSE	NSE_bench	Intercept	Slope	r2	Bias	Pbias
103.1	0.88	0.88	0.88	1.02	1.02	1	0.76	0.47	0.35	0.91	0.78	0.08	2.5
103.40	0.87	0.88	0.88	1.03	1.03	1.01	0.75	0.45	0.31	0.92	0.78	0.08	2.8
104.23	0.83	0.83	0.83	1.01	1.01	1	0.67	0.59	0.88	0.84	0.7	0.04	0.9
105.1	0.81	0.81	0.81	1	1	0.99	0.63	0.59	0.86	0.8	0.66	-0.01	-0.3
107.3	0.89	0.87	0.9	1.04	1.04	0.94	0.79	0.75	0.65	0.88	0.8	0.15	3.8
109.29	0.9	0.9	0.9	1.01	1.01	0.98	0.81	0.61	0.37	0.9	0.82	0.05	1.4
109.42	0.86	0.86	0.87	1.05	1.05	0.97	0.73	0.47	0.42	0.88	0.76	0.13	5
109.9	0.89	0.89	0.9	1.03	1.03	0.99	0.79	0.59	0.22	0.92	0.81	0.06	3.3
112.8	0.8	0.8	0.8	1	1	0.98	0.61	0.43	0.88	0.79	0.64	0.02	0.5
12.171	0.89	0.89	0.9	1.04	1.04	0.99	0.79	0.69	0.18	0.93	0.81	0.06	4
12.178	0.93	0.93	0.93	1.01	1.01	1	0.86	0.82	0.15	0.94	0.87	0.01	0.6
12.192	0.83	0.84	0.86	0.97	0.97	0.94	0.73	0.71	0.4	0.79	0.74	-0.06	-2.7
12.193	0.85	0.85	0.85	1	1	0.99	0.71	0.67	0.23	0.84	0.73	0	0.2
12.209	0.92	0.92	0.93	1.02	1.02	1	0.85	0.78	0.15	0.94	0.86	0.03	1.6
12.215	0.9	0.9	0.9	0.99	0.99	1	0.79	0.63	0.29	0.89	0.8	-0.02	-0.8
12.290	0.82	0.82	0.83	1.02	1.02	0.98	0.65	0.61	0.36	0.82	0.68	0.03	1.7
12.70	0.93	0.93	0.93	1.01	1.01	0.99	0.86	0.76	0.13	0.93	0.87	0.01	0.6
12.97	0.77	0.77	0.77	1.01	1.01	0.98	0.54	0.47	0.56	0.77	0.59	0.03	1.5
121.20	0.83	0.83	0.83	1.03	1.03	0.99	0.65	0.54	0.41	0.85	0.69	0.06	2.7
122.11	0.87	0.87	0.87	1	1	0.99	0.75	0.5	0.33	0.86	0.76	-0.01	-0.3
122.9	0.9	0.9	0.9	0.99	0.99	1	0.79	0.61	0.24	0.89	0.8	-0.02	-0.7
123.31	0.81	0.81	0.81	1.01	1.01	0.97	0.63	0.49	0.88	0.79	0.65	0.03	0.6
124.2	0.82	0.82	0.82	1	1	1	0.64	0.51	0.64	0.82	0.67	-0.01	-0.2
127.11	0.85	0.85	0.85	0.98	0.98	0.99	0.71	0.53	0.51	0.83	0.73	-0.08	-2.4
127.13	0.82	0.82	0.82	0.98	0.98	1	0.66	0.58	0.54	0.81	0.68	-0.05	-1.7
133.7	0.89	0.89	0.89	0.99	0.99	1	0.78	0.77	0.55	0.88	0.79	-0.06	-1.2
138.1	0.89	0.89	0.89	1.01	1.01	0.98	0.78	0.76	0.52	0.88	0.79	0.02	0.6
139.15	0.73	0.73	0.74	0.98	0.98	0.97	0.5	0.36	0.56	0.7	0.54	-0.04	-2.2
139.35	0.85	0.86	0.86	1.04	1.04	0.99	0.72	0.52	0.48	0.89	0.74	0.12	3.8
148.2	0.94	0.93	0.94	1	1	0.98	0.88	0.87	0.42	0.92	0.88	0.02	0.5
15.21	0.86	0.87	0.87	1.02	1.02	1.02	0.73	0.68	0.26	0.91	0.76	0.05	2.4
15.49	0.9	0.9	0.9	1.01	1.01	0.98	0.81	0.68	0.17	0.9	0.82	0.01	0.9
15.53	0.86	0.86	0.86	1	1	0.98	0.72	0.62	0.25	0.84	0.74	-0.01	-0.4
15.79	0.88	0.89	0.89	0.96	0.96	1	0.79	0.51	0.24	0.86	0.79	-0.08	-3.7
151.15	0.88	0.88	0.88	0.99	0.99	1	0.77	0.53	0.44	0.87	0.78	-0.04	-1.1
152.4	0.87	0.87	0.88	0.99	0.99	0.96	0.77	0.69	0.82	0.84	0.78	-0.04	-0.7
156.10	0.82	0.82	0.83	0.99	0.99	0.96	0.67	0.31	1.78	0.78	0.68	-0.09	-1.1
157.3	0.83	0.83	0.83	1.01	1.01	1	0.66	0.62	1.73	0.84	0.69	0.09	0.9
16.122	0.87	0.88	0.88	1.03	1.03	1.01	0.75	0.67	0.28	0.91	0.77	0.06	2.5
16.132	0.89	0.9	0.9	1.01	1.01	1.01	0.79	0.68	0.31	0.91	0.8	0.03	0.9
16.66	0.85	0.85	0.85	0.99	0.99	0.99	0.71	0.59	0.25	0.84	0.73	-0.01	-0.9
16.75	0.91	0.91	0.91	0.99	0.99	0.99	0.83	0.72	0.22	0.89	0.84	-0.02	-0.9
161.7	0.83	0.83	0.84	1	1	0.95	0.69	0.37	0.72	0.8	0.71	0.01	0.2
162.3	0.8	0.79	0.8	1.03	1.03	0.94	0.62	0.32	0.72	0.78	0.65	0.09	3.1
163.5	0.81	0.81	0.81	0.99	0.99	0.98	0.64	0.27	0.64	0.79	0.66	-0.03	-1
165.6	0.77	0.77	0.78	0.97	0.97	0.96	0.58	0.56	1.13	0.73	0.61	-0.12	-2.6
168.2	0.83	0.84	0.84	0.97	0.97	0.98	0.69	0.6	0.87	0.8	0.71	-0.13	-2.7
173.8	0.89	0.89	0.89	1.02	1.02	0.98	0.78	0.34	0.43	0.89	0.79	0.08	2.4
174.3	0.73	0.73	0.73	1.03	1.03	0.96	0.47	0.2	1.1	0.73	0.54	0.12	3.3
177.4	0.79	0.79	0.8	0.97	0.97	1.01	0.6	0.53	1.55	0.78	0.63	-0.24	-3
18.10	0.92	0.92	0.92	1.01	1.01	1.01	0.84	0.82	0.19	0.93	0.85	0.02	0.6
19.107	0.89	0.89	0.89	0.98	0.98	0.99	0.79	0.76	0.36	0.86	0.79	-0.06	-2.1
191.2	0.87	0.87	0.87	1.01	1.01	0.99	0.74	0.48	0.49	0.88	0.76	0.05	1.4
196.35	0.84	0.84	0.85	1.02	1.02	1.01	0.68	0.29	0.33	0.88	0.72	0.05	2.3
2.11	0.9	0.9	0.9	1.01	1.01	0.99	0.8	0.62	0.2	0.91	0.81	0.02	1.2
2.142	0.78	0.78	0.78	1.01	1.01	0.99	0.56	0.42	0.33	0.77	0.6	0.01	0.5
2.145	0.94	0.94	0.94	1.01	1.01	0.99	0.88	0.77	0.14	0.94	0.89	0.02	1
2.268	0.91	0.91	0.91	1.03	1.03	1	0.82	0.56	0.27	0.93	0.83	0.08	2.7
2.279	0.85	0.85	0.85	0.99	0.99	0.99	0.7	0.64	0.28	0.83	0.72	-0.02	-1
2.28	0.89	0.9	0.9	1.03	1.03	1	0.8	0.68	0.17	0.94	0.82	0.06	3.4
2.291	0.85	0.85	0.88	1.09	1.09	0.96	0.75	0.33	0.66	0.92	0.78	0.35	8.7
2.32	0.94	0.94	0.95	1.01	1.01	1	0.89	0.79	0.11	0.96	0.89	0.03	1.3
2.323	0.75	0.75	0.75	0.99	0.99	0.98	0.52	0.42	0.55	0.73	0.56	-0.03	-1.4
2.463	0.89	0.9	0.9	0.98	0.98	0.97	0.81	0.73	0.22	0.85	0.81	-0.04	-2.4
2.604	0.86	0.86	0.86	1.01	1.01	1.03	0.71	0.49	0.18	0.9	0.74	0.02	1.2
2.614	0.91	0.92	0.92	1.03	1.03	1.01	0.83	0.64	0.11	0.95	0.85	0.04	2.8
2.633	0.84	0.84	0.84	1.03	1.03	0.97	0.69	0.65	0.33	0.84	0.71	0.05	2.6
20.2	0.89	0.89	0.9	0.98	0.98	1.01	0.79	0.74	0.32	0.89	0.8	-0.07	-1.9
200.4	0.84	0.84	0.85	0.98	0.98	1	0.7	0.58	0.75	0.83	0.72	-0.12	-2.4
203.2	0.82	0.82	0.83	0.99	0.99	0.94	0.67	0.3	0.92	0.77	0.69	-0.04	-0.9
206.3	0.77	0.77	0.77	0.99	0.99	0.99	0.55	0.06	0.59	0.75	0.59	-0.03	-1.3
208.3	0.82	0.82	0.83	1	1	0.98	0.66	0.42	0.26	0.81	0.68	0	0.3
21.47	0.78	0.78	0.78	0.99	0.99	1.03	0.55	0.32	0.67	0.79	0.61	-0.04	-1.3
212.10	0.88	0.87	0.88	1.02	1.02	0.97	0.76	0.57	0.16	0.87	0.77	0.02	2
212.49	0.85	0.85	0.85	1	1	1	0.71	0.38	0.32	0.85	0.73	-0.01	-0.4
22.16	0.92	0.92	0.92	1	1	1	0.84	0.82	0.32	0.92	0.84	0.01	0.3
22.22	0.94	0.94	0.94	1	1	0.99	0.88	0.86	0.25	0.93	0.88	0.01	0.1
22.4	0.92	0.92	0.92	1.01	1.01	1.01	0.84	0.81	0.3	0.94	0.85	0.04	1
223.2	0.82	0.83	0.84	0.96	0.96	0.97	0.7	0.46	0.3	0.78	0.7	-0.07	-4
230.1	0.87	0.86	0.87	1.02	1.02	0.98	0.73	0.59	0.43	0.86	0.75	0.05	2
234.13	0.76	0.76	0.76	0.95	0.95	1.03	0.53	0.21	0.27	0.75	0.58	-0.06	-4.8
234.18	0.86	0.86	0.87	0.98	0.98	0.98	0.74	0.52	0.15	0.84	0.75	-0.02	-1.9
24.8	0.95	0.95	0.95	1.01	1.01	1	0.9	0.88	0.25	0.96	0.9	0.04	0.8
24.9	0.94	0.94	0.94	1	1	1	0.88	0.86	0.33	0.94	0.88	0.03	0.5
247.3	0.83	0.83	0.84	1.01	1.01	1.02	0.66	0.37	0.22	0.87	0.7	0.02	1.3
25.24	0.89	0.88	0.89	0.98	0.98	1.05	0.78	0.56	0.36	0.93	0.8	-0.1	-1.7
26.20	0.92	0.92	0.92	1	1	1	0.83	0.81	0.6	0.91	0.84	0.01	0.1
26.26	0.81	0.81	0.81	1	1	0.99	0.63	0.53	1.12	0.8	0.66	-0.01	-0.2
26.29	0.94	0.94	0.94	0.99	0.99	1	0.89	0.87	0.36	0.93	0.89	-0.09	-1.4
27.16	0.86	0.86	0.86	0.98	0.98	1	0.72	0.7	1.1	0.84	0.74	-0.15	-1.9
27.24	0.91	0.91	0.91	1.01	1.01	0.99	0.82	0.8	0.67	0.91	0.83	0.05	0.6
28.7	0.91	0.91	0.92	0.97	0.97	1.02	0.83	0.79	0.33	0.91	0.84	-0.13	-2.6
3.22	0.82	0.83	0.83	0.99	0.99	0.96	0.67	0.64	0.29	0.79	0.69	-0.01	-0.8
311.460	0.82	0.82	0.82	1.01	1.01	1.01	0.64	0.33	0.32	0.84	0.68	0.03	1.4
311.6	0.89	0.89	0.89	1	1	1	0.77	0.49	0.15	0.89	0.79	0	0.1
313.10	0.8	0.8	0.8	0.99	0.99	1.02	0.59	0.51	0.24	0.8	0.63	-0.01	-0.9
41.1	0.91	0.91	0.91	1.01	1.01	0.98	0.83	0.81	0.98	0.91	0.83	0.13	1.4
42.2	0.82	0.82	0.82	1.01	1.01	0.99	0.64	0.63	1.72	0.82	0.67	0.1	1.1
46.9	0.84	0.84	0.85	0.99	0.99	0.94	0.72	0.45	2.93	0.79	0.72	-0.12	-0.8
48.1	0.92	0.92	0.93	1.01	1.01	0.97	0.85	0.78	0.73	0.91	0.86	0.1	1.4
48.5	0.91	0.91	0.91	1.02	1.02	0.98	0.82	0.67	0.77	0.91	0.83	0.14	2
50.1	0.91	0.91	0.91	0.99	0.99	0.97	0.83	0.64	0.52	0.88	0.83	-0.04	-0.8
50.13	0.79	0.8	0.81	0.95	0.95	1.01	0.63	0.3	0.61	0.77	0.65	-0.18	-5.4
55.4	0.93	0.93	0.93	0.99	0.99	1	0.87	0.86	0.6	0.92	0.87	-0.12	-1.3
55.5	0.83	0.83	0.83	0.98	0.98	1.01	0.66	0.64	1.87	0.82	0.69	-0.2	-1.8
6.10	0.83	0.82	0.83	1.01	1.01	0.96	0.66	0.61	0.41	0.81	0.68	0.03	1.3
62.10	0.9	0.9	0.9	1.01	1.01	1	0.81	0.69	0.61	0.91	0.82	0.06	0.9
62.18	0.85	0.85	0.85	1.02	1.02	0.99	0.69	0.66	1.62	0.85	0.72	0.2	2
62.5	0.93	0.93	0.93	1	1	1	0.87	0.82	0.36	0.93	0.87	-0.02	-0.3
72.5	0.88	0.88	0.88	1	1	0.99	0.76	0.48	0.72	0.88	0.77	0.02	0.4
75.23	0.87	0.88	0.88	1	1	0.99	0.75	0.56	0.57	0.87	0.77	-0.02	-0.4
76.5	0.91	0.89	0.93	1.04	1.04	0.92	0.86	0.26	1.49	0.88	0.86	0.35	3.6
77.3	0.92	0.92	0.92	1.03	1.03	0.98	0.84	0.74	0.68	0.93	0.85	0.19	2.8
78.8	0.9	0.89	0.91	1.03	1.03	0.95	0.82	0.47	1.51	0.89	0.82	0.34	3.2
79.3	0.79	0.79	0.79	1	1	1	0.57	0.48	1.43	0.78	0.62	0	0
8.2	0.83	0.83	0.83	1	1	1.01	0.66	0.62	0.29	0.84	0.69	0.01	0.4
8.6	0.78	0.78	0.78	0.99	0.99	1.01	0.57	0.54	0.38	0.78	0.61	-0.01	-0.8
82.4	0.94	0.94	0.95	1	1	0.99	0.89	0.88	0.52	0.94	0.89	0.01	0.2
83.2	0.93	0.93	0.93	1.01	1.01	0.99	0.87	0.79	0.58	0.94	0.87	0.09	1.2
84.11	0.88	0.88	0.88	0.99	0.99	1	0.76	0.74	1.05	0.87	0.77	-0.1	-1.1
86.12	0.82	0.82	0.82	1.03	1.03	0.99	0.63	0.46	2.5	0.84	0.67	0.36	2.7
87.10	0.89	0.89	0.9	1.03	1.03	0.98	0.79	0.66	0.91	0.91	0.8	0.25	3.5
88.4	0.91	0.91	0.93	1.05	1.05	0.98	0.84	0.37	0.64	0.95	0.86	0.29	4.5
91.2	0.94	0.93	0.94	0.99	0.99	1.02	0.87	0.85	0.29	0.95	0.88	-0.05	-0.9
97.1	0.87	0.87	0.87	1.01	1.01	0.98	0.75	0.72	1.13	0.86	0.76	0.08	1.1
98.4	0.87	0.87	0.87	1.02	1.02	0.98	0.75	0.65	0.85	0.87	0.76	0.1	1.7
