Model: Vann
Version: 4dbedcb
Period: 2003-08-31 to 2014-12-31
Time of file generation: 2016-10-26 11:20:40
Description: Gr4j and Tinbasic
Model input: SeNorge 2.0
Path to model results: //hdata/fou/jmg/FloodForecasting/Archive/4dbedcb



Station	KGE	NSE	NSE_bench	Intercept	Slope	r2	Bias	Pbias
103.1	0.88	0.77	0.5	0.3	0.92	0.79	0.06	1.9
103.40	0.9	0.8	0.56	0.31	0.91	0.82	0.06	2.2
104.23	0.84	0.67	0.6	0.87	0.84	0.7	0.03	0.6
105.1	0.72	0.56	0.52	1.45	0.65	0.57	-0.07	-1.6
107.3	0.89	0.81	0.78	0.65	0.86	0.82	0.1	2.5
109.29	0.91	0.82	0.63	0.35	0.91	0.83	0.04	1.2
109.42	0.91	0.82	0.65	0.25	0.91	0.83	0.02	0.8
109.9	0.91	0.82	0.64	0.21	0.92	0.83	0.06	2.8
112.8	0.81	0.64	0.48	0.83	0.78	0.66	-0.05	-1.3
12.150	0.81	0.68	0.53	0.38	0.76	0.69	0.01	0.4
12.171	0.85	0.72	0.58	0.34	0.84	0.74	0.08	4.9
12.178	0.86	0.76	0.69	0.42	0.82	0.77	0.03	1.2
12.192	0.78	0.64	0.6	0.57	0.72	0.65	-0.03	-1.6
12.193	0.69	0.41	0.34	0.48	0.68	0.48	0.01	0.5
12.209	0.9	0.84	0.76	0.28	0.87	0.84	0.01	0.4
12.215	0.93	0.86	0.75	0.2	0.92	0.86	-0.03	-0.9
12.286	0.67	0.42	0.19	0.44	0.62	0.47	0	0.1
12.290	0.72	0.43	0.36	0.54	0.73	0.52	0.05	2.8
12.70	0.85	0.76	0.6	0.33	0.81	0.77	0.02	1.5
12.97	0.62	0.19	0.06	0.83	0.69	0.4	0.13	5.5
121.20	0.78	0.59	0.46	0.62	0.74	0.62	0.03	1.3
122.11	0.83	0.7	0.41	0.49	0.78	0.71	-0.03	-1.1
122.17	0.76	0.56	0.34	0.61	0.72	0.59	0.02	0.7
122.9	0.82	0.68	0.39	0.47	0.78	0.69	-0.03	-1.4
123.31	0.76	0.58	0.43	1.32	0.71	0.6	0.14	3.5
124.2	0.81	0.63	0.5	0.71	0.79	0.66	-0.03	-0.8
127.11	0.79	0.66	0.45	0.82	0.74	0.67	-0.08	-2.5
127.13	0.8	0.62	0.54	0.71	0.77	0.65	0	-0.1
133.7	0.81	0.71	0.69	1.15	0.76	0.71	-0.09	-1.8
138.1	0.79	0.68	0.65	1.13	0.73	0.68	0	0
139.15	0.76	0.55	0.43	0.44	0.73	0.59	-0.1	-4.9
139.35	0.86	0.72	0.53	0.51	0.88	0.74	0.11	3.5
148.2	0.88	0.8	0.78	0.79	0.85	0.8	0.02	0.4
15.15	0.72	0.5	0.42	0.63	0.67	0.53	-0.03	-1.3
15.21	0.83	0.67	0.62	0.43	0.84	0.7	0.06	2.7
15.49	0.79	0.65	0.42	0.42	0.74	0.66	0.03	2
15.53	0.81	0.69	0.57	0.38	0.76	0.7	0	0.3
15.79	0.89	0.8	0.52	0.24	0.86	0.8	-0.06	-2.9
151.15	0.9	0.8	0.6	0.38	0.89	0.81	-0.04	-1.2
152.4	0.86	0.76	0.67	0.92	0.82	0.76	-0.05	-1
156.10	0.82	0.68	0.33	1.96	0.77	0.69	-0.03	-0.4
157.3	0.83	0.67	0.63	1.7	0.83	0.7	0.02	0.2
16.122	0.85	0.71	0.62	0.43	0.84	0.73	0.05	2.1
16.132	0.9	0.8	0.7	0.31	0.91	0.81	0.04	1.2
16.140	0.91	0.84	0.64	0.31	0.89	0.84	-0.05	-1.5
16.193	0.82	0.64	0.6	0.52	0.83	0.68	0.07	2.8
16.66	0.81	0.66	0.51	0.39	0.76	0.67	0	0.2
16.75	0.86	0.76	0.61	0.35	0.82	0.76	-0.04	-1.6
160.7	0.75	0.59	0.51	2.02	0.7	0.6	-0.19	-2.6
161.7	0.79	0.68	0.34	0.89	0.74	0.68	-0.05	-1.5
162.3	0.74	0.56	0.23	0.94	0.69	0.58	0.06	2
163.5	0.8	0.65	0.31	0.76	0.75	0.66	-0.04	-1.2
165.6	0.72	0.54	0.52	1.48	0.66	0.56	-0.12	-2.5
168.2	0.81	0.65	0.55	1.06	0.77	0.67	-0.1	-2.1
173.8	0.87	0.78	0.32	0.6	0.84	0.78	0.09	2.9
174.11	0.65	0.41	-0.02	1.54	0.59	0.45	-0.09	-2.2
174.3	0.73	0.49	0.23	1.14	0.71	0.54	0.11	3
177.4	0.8	0.61	0.55	1.53	0.78	0.64	-0.25	-3
18.10	0.87	0.74	0.72	0.41	0.85	0.75	0.04	1.5
19.107	0.79	0.63	0.59	0.8	0.74	0.64	-0.01	-0.4
191.2	0.86	0.75	0.5	0.57	0.84	0.76	-0.03	-0.8
196.35	0.87	0.74	0.43	0.3	0.88	0.76	0.04	1.8
2.11	0.9	0.79	0.6	0.23	0.89	0.8	0.02	1.2
2.142	0.74	0.51	0.36	0.41	0.71	0.56	0	-0.3
2.145	0.94	0.88	0.77	0.17	0.94	0.89	0.05	2.3
2.265	0.85	0.76	0.48	0.27	0.81	0.76	0.01	0.5
2.268	0.91	0.84	0.61	0.41	0.88	0.84	0.07	2.3
2.279	0.82	0.64	0.56	0.33	0.82	0.67	0	-0.2
2.28	0.87	0.75	0.61	0.31	0.87	0.77	0.08	4.4
2.291	0.85	0.76	0.37	0.64	0.92	0.79	0.33	8.3
2.32	0.94	0.89	0.78	0.11	0.95	0.89	0.02	1.1
2.323	0.72	0.48	0.38	0.67	0.68	0.53	-0.01	-0.6
2.439	0.78	0.71	0.49	0.43	0.73	0.71	-0.11	-5.6
2.463	0.87	0.78	0.68	0.3	0.83	0.78	-0.02	-0.9
2.479	0.9	0.81	0.65	0.14	0.93	0.82	0.01	0.3
2.604	0.86	0.72	0.5	0.17	0.89	0.75	0	0.1
2.614	0.86	0.72	0.4	0.25	0.85	0.74	0.03	1.8
2.633	0.77	0.6	0.55	0.54	0.73	0.62	0.05	3
2.634	0.77	0.54	0.4	0.33	0.76	0.59	0.01	0.6
20.2	0.86	0.74	0.67	0.48	0.85	0.75	-0.05	-1.4
200.4	0.83	0.69	0.57	0.92	0.8	0.7	-0.09	-1.9
203.2	0.82	0.72	0.39	0.93	0.77	0.72	-0.04	-0.8
206.3	0.77	0.59	0.13	0.67	0.73	0.61	0	0.1
208.3	0.75	0.63	0.37	0.42	0.68	0.63	0	0
21.47	0.8	0.61	0.4	0.69	0.78	0.64	-0.05	-1.5
212.10	0.86	0.74	0.53	0.19	0.84	0.75	0.02	1.7
212.49	0.84	0.72	0.39	0.44	0.8	0.72	0	0.1
22.16	0.89	0.79	0.77	0.55	0.86	0.8	0.01	0.2
22.22	0.88	0.77	0.75	0.54	0.86	0.78	0.01	0.4
22.4	0.9	0.8	0.77	0.39	0.92	0.81	0.04	0.9
223.2	0.81	0.7	0.46	0.36	0.76	0.7	-0.04	-2.7
230.1	0.85	0.73	0.58	0.53	0.83	0.74	0.06	2.3
234.13	0.77	0.54	0.23	0.25	0.77	0.6	-0.05	-3.9
234.18	0.85	0.71	0.45	0.18	0.83	0.72	0	-0.1
24.8	0.89	0.8	0.77	0.72	0.87	0.81	0.03	0.5
24.9	0.91	0.83	0.81	0.59	0.89	0.84	0.01	0.3
247.3	0.82	0.66	0.37	0.31	0.81	0.68	0.03	2.1
25.24	0.89	0.78	0.57	0.39	0.92	0.8	-0.11	-1.8
25.32	0.81	0.62	0.59	1.22	0.82	0.66	0.07	1
26.20	0.91	0.83	0.81	0.69	0.89	0.83	-0.05	-0.8
26.26	0.82	0.64	0.54	1.1	0.81	0.67	-0.01	-0.2
26.29	0.92	0.84	0.82	0.56	0.9	0.85	-0.11	-1.6
27.16	0.86	0.72	0.7	1.14	0.84	0.74	-0.15	-1.9
27.24	0.91	0.82	0.8	0.72	0.9	0.83	-0.02	-0.3
28.7	0.88	0.78	0.72	0.56	0.85	0.79	-0.16	-3.3
3.22	0.71	0.5	0.45	0.49	0.66	0.53	0	0
311.460	0.84	0.67	0.38	0.33	0.84	0.7	0.02	0.9
311.6	0.89	0.77	0.49	0.15	0.9	0.79	0.01	0.4
313.10	0.68	0.39	0.27	0.45	0.66	0.47	0.02	1.6
35.16	0.84	0.73	0.71	1.11	0.8	0.74	-0.14	-2.2
36.9	0.86	0.72	0.49	1.18	0.86	0.74	0.21	3.1
41.1	0.9	0.81	0.79	1.08	0.9	0.82	0.14	1.5
42.2	0.81	0.63	0.61	1.84	0.8	0.66	0.03	0.3
46.9	0.83	0.71	0.44	2.97	0.79	0.72	-0.2	-1.4
48.1	0.93	0.86	0.79	0.65	0.91	0.86	0.02	0.3
48.5	0.92	0.84	0.71	0.62	0.92	0.85	0.03	0.4
50.1	0.91	0.84	0.67	0.46	0.89	0.84	-0.05	-1.1
50.13	0.79	0.63	0.3	0.64	0.76	0.65	-0.17	-4.9
55.4	0.92	0.85	0.84	0.79	0.9	0.85	-0.15	-1.6
55.5	0.83	0.67	0.65	1.88	0.81	0.69	-0.29	-2.5
6.10	0.74	0.52	0.45	0.62	0.71	0.56	0.04	2
62.10	0.9	0.81	0.69	0.69	0.89	0.82	0.01	0.2
62.18	0.85	0.69	0.67	1.62	0.84	0.72	0.09	0.9
62.5	0.92	0.85	0.79	0.51	0.9	0.85	-0.06	-1
72.5	0.9	0.8	0.57	0.57	0.9	0.81	0	0
73.27	0.9	0.84	0.66	0.28	0.88	0.84	-0.1	-3.4
75.23	0.83	0.71	0.48	0.85	0.79	0.72	-0.07	-1.5
76.5	0.88	0.83	0.13	1.79	0.84	0.83	0.23	2.4
77.3	0.92	0.84	0.74	0.7	0.92	0.85	0.17	2.4
78.8	0.89	0.81	0.45	1.6	0.87	0.81	0.29	2.8
79.3	0.78	0.58	0.49	1.52	0.76	0.62	-0.05	-0.8
8.2	0.79	0.58	0.53	0.42	0.78	0.62	0.02	1.2
8.6	0.72	0.44	0.4	0.52	0.71	0.52	-0.01	-0.5
82.4	0.92	0.85	0.84	0.85	0.89	0.85	-0.04	-0.5
83.2	0.93	0.86	0.78	0.68	0.92	0.86	0.03	0.4
84.11	0.85	0.71	0.68	1.31	0.83	0.72	-0.13	-1.5
86.12	0.82	0.64	0.48	2.5	0.83	0.68	0.21	1.6
87.10	0.9	0.8	0.69	0.88	0.9	0.81	0.18	2.6
88.4	0.9	0.82	0.26	0.93	0.9	0.83	0.31	4.7
91.2	0.91	0.82	0.78	0.56	0.9	0.82	-0.08	-1.3
97.1	0.87	0.75	0.72	1.09	0.87	0.76	0.07	1
98.4	0.87	0.75	0.65	0.88	0.87	0.76	0.13	2.2
