Model: Vann
Version: 0.1
Period: 1998-09-29 to 2015-09-30
Description: The is a toy example
Model input: SeNorge
Path to model results: Local folder on my computer




Station	KGE	NSE	NSE_bench	Intercept	Slope	r2	Bias	Pbias
103.1	0.87	0.82	0.6	0.53	0.83	0.82	0.02	0.6
103.40	0.89	0.83	0.63	0.41	0.86	0.83	0.03	1
104.23	0.77	0.7	0.63	1.5	0.7	0.7	-0.05	-0.9
105.1	0.66	0.63	0.6	2.22	0.6	0.64	0.52	12.1
107.3	0.89	0.79	0.75	0.5	0.88	0.8	0.01	0.3
109.29	0.87	0.8	0.61	0.58	0.82	0.8	0.01	0.3
109.42	0.9	0.84	0.69	0.32	0.87	0.84	0	-0.1
109.9	0.88	0.84	0.67	0.35	0.84	0.84	0.05	2.5
112.8	0.76	0.67	0.52	1.27	0.69	0.67	0.05	1.3
12.114	0.83	0.8	0.76	0.49	0.78	0.81	0.08	4.2
12.150	0.78	0.74	0.59	0.47	0.71	0.74	0.04	2.6
12.171	0.81	0.8	0.68	0.51	0.77	0.8	0.11	6.6
12.178	0.8	0.82	0.77	0.68	0.77	0.83	0.19	8.9
12.192	0.72	0.7	0.67	0.92	0.65	0.71	0.14	6.3
12.193	0.68	0.72	0.69	0.77	0.65	0.74	0.25	16.4
12.209	0.85	0.83	0.74	0.45	0.8	0.83	0.04	1.9
12.215	0.88	0.86	0.74	0.38	0.85	0.86	-0.06	-2.2
12.286	0.59	0.51	0.31	0.58	0.51	0.51	0	-0.3
12.290	0.6	0.48	0.4	0.85	0.52	0.49	-0.05	-2.5
12.70	0.81	0.85	0.72	0.5	0.8	0.85	0.17	10.7
12.97	0.44	0.32	0.18	1.46	0.36	0.32	-0.01	-0.5
121.20	0.79	0.7	0.59	0.68	0.73	0.7	0.08	3.6
122.11	0.85	0.79	0.57	0.48	0.81	0.79	0.03	1.4
122.17	0.75	0.69	0.53	0.63	0.68	0.69	-0.02	-1
122.9	0.88	0.82	0.67	0.39	0.84	0.82	0.03	1.3
123.31	0.79	0.7	0.59	1.15	0.73	0.7	0.03	0.7
124.2	0.79	0.71	0.6	0.98	0.73	0.71	0.02	0.5
127.11	0.8	0.78	0.64	1.08	0.76	0.79	0.24	6.9
127.13	0.77	0.69	0.63	0.92	0.71	0.69	0.02	0.6
133.7	0.79	0.78	0.77	1.71	0.75	0.79	0.43	8.5
138.1	0.74	0.77	0.76	1.75	0.73	0.79	0.61	14.7
139.15	0.73	0.61	0.51	0.59	0.66	0.62	-0.08	-4
139.35	0.79	0.74	0.55	0.78	0.73	0.74	-0.11	-3.4
148.2	0.83	0.85	0.84	1.4	0.81	0.86	0.44	8.9
15.15	0.61	0.54	0.45	0.91	0.53	0.54	0	-0.1
15.174	0.72	0.72	0.7	0.87	0.68	0.72	0.24	12.1
15.21	0.77	0.73	0.69	0.83	0.71	0.74	0.13	5.6
15.49	0.79	0.79	0.62	0.53	0.76	0.8	0.16	10.5
15.53	0.78	0.73	0.62	0.44	0.72	0.73	0	0.1
15.79	0.85	0.81	0.56	0.49	0.8	0.81	0.05	2.4
151.15	0.88	0.82	0.63	0.61	0.84	0.82	0	0
152.4	0.85	0.84	0.79	1.14	0.81	0.84	0.12	2.3
156.10	0.82	0.79	0.55	2.16	0.76	0.79	0.13	1.5
157.3	0.76	0.67	0.64	2.63	0.7	0.68	-0.32	-3.3
16.122	0.8	0.77	0.67	0.75	0.74	0.77	0.09	3.5
16.132	0.86	0.81	0.73	0.41	0.82	0.82	-0.18	-5.4
16.140	0.89	0.85	0.66	0.6	0.85	0.85	0.1	2.8
16.193	0.75	0.69	0.65	0.95	0.68	0.69	0.06	2.1
16.66	0.77	0.74	0.61	0.53	0.7	0.74	0.04	2.6
16.75	0.84	0.83	0.7	0.54	0.8	0.84	0.1	4.5
160.7	0.76	0.68	0.64	2.56	0.69	0.68	0.15	2
161.7	0.87	0.79	0.56	0.6	0.82	0.79	-0.02	-0.7
162.3	0.82	0.76	0.61	0.77	0.77	0.76	0.1	3.6
163.5	0.82	0.75	0.5	0.67	0.77	0.75	-0.07	-2.2
165.6	0.68	0.65	0.63	1.7	0.6	0.65	-0.07	-1.6
168.2	0.8	0.78	0.72	1.21	0.74	0.79	-0.03	-0.7
173.8	0.86	0.82	0.41	0.73	0.82	0.82	0.08	2.4
174.11	0.68	0.6	0.33	1.58	0.6	0.6	-0.03	-0.8
174.3	0.7	0.63	0.43	1.41	0.62	0.63	0.04	1.1
177.4	0.75	0.7	0.66	2.57	0.68	0.7	0.02	0.3
18.10	0.81	0.83	0.82	0.81	0.78	0.84	0.24	9.2
19.107	0.72	0.76	0.72	1.38	0.68	0.77	0.38	11.9
191.2	0.87	0.83	0.65	0.7	0.82	0.83	0.04	1
196.35	0.88	0.8	0.55	0.35	0.84	0.8	-0.02	-0.8
2.11	0.83	0.79	0.58	0.43	0.78	0.79	0.01	0.3
2.142	0.73	0.64	0.51	0.45	0.65	0.64	-0.05	-3.5
2.145	0.92	0.89	0.76	0.12	0.9	0.89	-0.07	-3.6
2.265	0.86	0.81	0.6	0.28	0.81	0.81	0.01	0.8
2.268	0.88	0.87	0.67	0.4	0.84	0.87	-0.07	-2.4
2.279	0.78	0.76	0.71	0.59	0.72	0.76	0.06	3.2
2.28	0.81	0.77	0.65	0.5	0.75	0.78	0.04	2.1
2.291	0.84	0.8	0.45	1.09	0.79	0.8	0.17	4
2.32	0.93	0.89	0.78	0.15	0.9	0.89	-0.05	-2.2
2.323	0.63	0.57	0.47	1	0.55	0.57	0.01	0.6
2.439	0.79	0.75	0.54	0.62	0.73	0.75	0.06	2.8
2.463	0.83	0.81	0.71	0.5	0.78	0.81	0.08	4.3
2.479	0.85	0.81	0.66	0.42	0.79	0.81	0	0.2
2.604	0.88	0.78	0.59	0.07	0.89	0.8	-0.09	-6
2.614	0.92	0.89	0.75	0.19	0.89	0.89	0.02	1.3
2.633	0.72	0.71	0.68	0.79	0.66	0.72	0.16	8.4
2.634	0.7	0.64	0.53	0.52	0.62	0.64	0	-0.3
20.2	0.81	0.78	0.72	0.93	0.76	0.78	0.07	2.1
200.4	0.8	0.77	0.7	1.3	0.74	0.77	0.02	0.4
203.2	0.81	0.75	0.47	1.17	0.75	0.75	0.06	1.3
206.3	0.8	0.69	0.31	0.64	0.74	0.69	-0.02	-0.8
208.3	0.82	0.75	0.55	0.33	0.76	0.75	0	-0.1
21.47	0.65	0.62	0.41	1.35	0.57	0.63	-0.16	-4.6
212.10	0.82	0.75	0.57	0.23	0.76	0.75	-0.04	-3.5
212.27	0.87	0.86	0.75	0.28	0.84	0.86	0.08	6
212.49	0.85	0.79	0.52	0.48	0.8	0.79	0.04	1.6
22.16	0.84	0.85	0.83	0.97	0.81	0.85	0.21	5.5
22.22	0.8	0.85	0.84	1.17	0.78	0.87	0.33	8.7
22.4	0.87	0.84	0.82	0.82	0.82	0.84	0.04	1
223.2	0.83	0.76	0.54	0.38	0.77	0.76	-0.01	-0.7
230.1	0.85	0.76	0.63	0.56	0.81	0.76	0.01	0.4
234.13	0.77	0.65	0.41	0.28	0.72	0.66	-0.08	-6.3
234.18	0.84	0.77	0.59	0.22	0.79	0.77	0	-0.2
24.8	0.83	0.88	0.86	1.41	0.82	0.9	0.46	8.7
24.9	0.85	0.86	0.84	1.24	0.82	0.86	0.25	4.6
247.3	0.85	0.76	0.61	0.26	0.8	0.76	-0.05	-3
25.24	0.84	0.8	0.58	1.28	0.79	0.8	-0.06	-1
25.32	0.74	0.67	0.64	2.12	0.67	0.67	-0.02	-0.3
26.20	0.89	0.85	0.83	1.11	0.84	0.85	0.05	0.7
26.26	0.74	0.67	0.55	2.03	0.66	0.67	0.05	0.8
26.29	0.87	0.87	0.85	1.29	0.83	0.88	0.24	3.7
27.16	0.8	0.74	0.71	2.02	0.73	0.74	-0.1	-1.2
27.24	0.87	0.82	0.79	1.07	0.83	0.82	-0.12	-1.6
28.7	0.8	0.82	0.77	1.39	0.75	0.82	0.22	4.8
3.22	0.64	0.62	0.57	0.76	0.56	0.63	0.1	6.4
311.460	0.79	0.72	0.45	0.4	0.74	0.72	-0.11	-5.5
311.6	0.88	0.81	0.55	0.17	0.85	0.81	-0.05	-3.2
313.10	0.59	0.55	0.46	0.67	0.5	0.55	0.01	0.4
35.16	0.8	0.78	0.77	1.74	0.74	0.78	0.18	3
36.9	0.8	0.79	0.58	1.7	0.74	0.79	-0.19	-2.6
41.1	0.87	0.84	0.83	1.84	0.83	0.84	0.3	3.3
42.2	0.73	0.68	0.67	2.96	0.66	0.68	-0.01	-0.1
46.9	0.84	0.8	0.57	3.33	0.78	0.8	0.27	1.9
48.1	0.89	0.87	0.79	1.02	0.85	0.87	-0.03	-0.5
48.5	0.88	0.86	0.74	1.15	0.84	0.87	-0.01	-0.2
50.1	0.87	0.85	0.67	0.91	0.82	0.85	0.07	1.4
50.13	0.76	0.7	0.41	0.89	0.69	0.7	-0.15	-4.5
55.4	0.88	0.86	0.85	1.44	0.84	0.86	0.01	0.1
55.5	0.72	0.67	0.66	4.2	0.64	0.67	0.15	1.4
6.10	0.69	0.65	0.6	0.88	0.61	0.66	0.06	2.8
6.71	0.76	0.71	0.64	0.68	0.69	0.71	0.06	3
62.10	0.87	0.84	0.73	1.14	0.83	0.84	0.05	0.7
62.18	0.78	0.72	0.68	2.85	0.71	0.72	0.08	0.8
62.5	0.91	0.89	0.84	0.71	0.88	0.89	0.01	0.2
72.5	0.87	0.83	0.63	1.12	0.83	0.83	0.13	2.3
73.27	0.85	0.84	0.66	0.57	0.81	0.84	-0.03	-0.9
75.23	0.84	0.81	0.65	0.93	0.78	0.81	0.02	0.5
76.5	0.9	0.93	0.64	1.57	0.88	0.94	0.42	4.4
77.3	0.9	0.87	0.76	0.81	0.86	0.87	-0.12	-1.7
78.8	0.89	0.87	0.59	1.51	0.86	0.87	-0.01	-0.1
79.3	0.74	0.67	0.59	2.15	0.66	0.67	-0.03	-0.5
8.2	0.73	0.7	0.66	0.77	0.67	0.7	0.14	7.4
8.6	0.64	0.59	0.56	0.9	0.57	0.6	0.1	5.4
82.4	0.9	0.89	0.89	1.31	0.88	0.89	0.34	4.4
83.2	0.91	0.89	0.82	1	0.88	0.89	0.05	0.6
84.11	0.81	0.77	0.75	1.95	0.75	0.77	-0.11	-1.3
86.12	0.76	0.7	0.55	4.12	0.69	0.7	0.14	1.1
87.10	0.85	0.82	0.7	1.31	0.8	0.82	-0.06	-0.9
88.4	0.92	0.91	0.63	0.76	0.9	0.91	0.11	1.7
91.2	0.89	0.88	0.87	1.08	0.86	0.88	0.2	3.4
97.1	0.81	0.74	0.71	1.87	0.75	0.74	0.03	0.3
98.4	0.84	0.78	0.68	1.14	0.79	0.78	-0.07	-1.3
